RGB-Sensor Messreihen

GELB:
	0.042156864	0.043137256	0.043137256	0.04411765
	0.04019608	0.04019608	0.04117647	0.042156864
	0.003921569	0.003921569	0.003921569	0.003921569

ROT:
	0.029411765	0.029411765	0.028431373	0.028431373
	0.003921569	0.003921569	0.0029411765	0.003921569
	0.0		0.0		0.0		0.0

KETTE:
	0.0	0.0		0.0
	0.0	9.803922E-4	0.0
	0.0	0.0		0.0
	
	
Waffelzustand:
Ready:

RED		0.01666		0.00490		0.00490		0.00882		0.00686		0.00294		0.00784		0.00392		0.00392		0.03725		0.03529		0.03529		0.04313		0.02941		0.05392		0.06176
GREEN	0.00784		0.00294		0.00196		0.00490		0.00294		0.00196		0.00294		0.00196		0.00098		0.01568		0.01764		0.01862		0.02352		0.01470		0.02941		0.03333
BLUE	0.00784		0.00098		0.00196		0.00196		0.00098		0.00098		0.00098		0.00098		0.00196		0.00588		0.00686		0.00686		0.00784		0.00588		0.01176		0.01078

Ergebnis: RED > GREEN > BLUE