Empty:							ober	Mitte	  unter	
	R:  0.015   0.016  0.018  0.017			0.017	0.0165	  0.016
	G:  0.016   0.021  0.022  0.021			0.085	0.08      0.075
	B:  0.008   0.008  0.009  0.009			0.009	0.0085    0.0080

Not Ready:
	R:  0.069   0.094  0.094  0.100			0.08975	0.08925	  0.0875
	G:  0.067   0.102  0.103  0.102			0.0985	0.0935	  0.0885
	B:  0.028   0.033  0.033  0.036			0.0375	0.0325	  0.0275

Ready:

RED	0.01666		0.00490		0.00490		0.00882		0.01   	0.008825 	0.004				0.00686		0.00294		0.00784		0.00392		0.00392		0.03725		0.03529		0.03529		0.04313		0.02941		0.05392		0.06176
GREEN	0.00784		0.00294		0.00196		0.00490		0.018 	0.013965	0.003				0.00294		0.00196		0.00294		0.00196		0.00098		0.01568		0.01764		0.01862		0.02352		0.01470		0.02941		0.03333
BLUE	0.00784		0.00098		0.00196		0.00196		0.004  	0.003185	0.0009			0.00098		0.00098		0.00098		0.00098		0.00196		0.00588		0.00686		0.00686		0.00784		0.00588		0.01176		0.01078





GREEN - BLUE